100 9 

192 -12 12 -40 240 32 -8 6 -56 
480 -7 -5 -12 -30 52 -8 0 -14 
0 0 4 -16 16 80 -12 2 -4 
0 4 6 -12 4 48 -12 0 -4 
1152 -36 -12 -60 -20 -40 4 6 -4 
0 2 8 -16 12 56 -12 0 -4 
0 10 16 -32 12 120 -28 0 -12 
96 9 -1 16 -6 36 -20 0 -6 
96 1 -1 0 -6 4 -4 0 -2 
416 -10 -6 -12 -24 16 4 2 -8 
192 -4 -4 6 -10 -4 -2 2 -2 
192 -4 -4 8 -12 0 -2 2 0 
0 4 -2 -3 1 2 3 2 -1 
960 -12 -12 -44 -52 -16 4 2 -8 
576 -8 -8 -28 -28 -16 4 2 -4 
0 3 5 -9 1 10 -1 2 -1 
0 3 7 -9 1 10 -3 2 -1 
1792 -16 -24 -88 -88 -48 8 6 -16 
864 -15 -11 -39 -41 -26 3 2 -7 
672 -11 -9 -31 -33 -18 3 2 -5 
960 -16 -12 -42 -50 -20 2 2 -8 
3200 -80 -40 -154 -90 -132 18 10 -6 
1920 -48 -24 -94 -46 -76 10 6 -2 
1056 -12 -12 -50 -58 -4 -2 2 -14 
960 -12 -12 -44 -52 -8 4 2 -12 
0 0 6 -20 20 56 -8 2 -6 
192 8 8 -24 -8 16 -8 2 -8 
0 3 1 -2 4 8 -2 0 -4 
0 11 1 -2 20 40 -6 0 -20 
0 0 18 -3 13 10 -13 0 -3 
400 -6 -4 -16 -20 -8 -2 0 -4 
3648 -64 -40 -144 -176 -96 -8 2 -32 
624 -8 -6 -26 -34 -4 -4 0 -8 
576 0 -6 -28 -36 0 -4 2 0 
4608 -60 -52 -200 -240 -96 -8 6 -48 
1152 -18 -14 -48 -60 -24 0 2 -12 
1920 -34 -22 -80 -92 -56 0 2 -16 
1728 -36 -22 -74 -82 -52 8 4 -14 
1344 -28 -20 -40 -80 96 8 6 -32 
576 -12 -8 -12 -36 56 0 2 -16 
528 -13 -7 -16 -30 4 4 2 -8 
192 -12 12 -48 40 80 -16 6 -8 
192 -12 12 -48 200 80 -16 6 -48 
0 0 6 -12 52 40 -8 0 -12 
0 0 2 -3 21 10 -3 0 -5 
256 -8 0 -12 12 -8 -2 0 -4 
192 -6 0 -7 13 -6 -3 0 -5 
512 -16 0 -24 0 -16 -4 0 -2 
512 -14 -6 -4 -32 0 2 2 0 
640 -16 -8 -8 -40 0 2 2 0 
960 -20 -14 -20 -60 0 2 4 0 
960 -20 -12 -4 -60 72 -12 2 -20 
960 -20 -12 -4 -60 104 -12 2 -28 
192 -12 12 20 36 -8 -28 6 0 
0 0 2 -3 5 10 -3 0 -1 
192 28 -4 -44 -4 24 20 10 -12 
64 8 0 -12 -4 8 4 2 -2 
256 14 6 -36 -16 32 4 2 -8 
48 4 6 -10 -2 20 -8 0 -4 
16 2 4 -4 0 8 -4 0 -2 
0 12 36 -28 12 56 -28 2 -12 
0 4 4 -8 0 8 0 2 0 
64 4 8 -12 -4 8 -4 2 0 
448 12 12 -36 -28 8 -12 2 -4 
768 -10 -8 -28 -48 8 -4 0 -4 
1536 -22 -16 -52 -96 56 -12 0 -28 
1792 -16 -16 -88 -88 -48 0 2 -16 
384 6 -10 -20 -24 0 4 6 0 
2304 -12 -28 -104 -144 0 -8 6 0 
3840 -48 -40 -168 -200 -80 -8 2 -40 
0 0 8 -6 10 4 -2 2 -4 
0 4 8 -6 18 4 -2 2 -10 
768 -16 -10 -16 -48 24 -2 2 -12 
2304 -56 -32 -32 -144 96 8 10 -48 
1792 -48 -24 -16 -112 0 8 10 0 
2304 -56 -32 -32 -144 0 8 10 0 
192 -6 0 -7 5 -6 -3 0 -3 
448 -14 0 -19 1 -14 -5 0 -3 
576 -18 0 -24 4 -16 -8 0 -4 
2880 -60 -36 -96 -168 -16 8 6 -16 
192 -6 0 10 -10 -4 -2 0 -2 
256 -8 0 12 -12 -8 -4 0 -2 
512 -16 0 0 -24 -16 -2 0 -4 
192 -6 0 2 -10 -4 0 0 -2 
576 -18 0 4 -24 -16 -4 0 -8 
448 -14 0 1 -19 -14 -3 0 -5 
576 -18 0 -3 -23 -22 -3 0 -5 
192 -6 0 5 -7 -6 -3 0 -3 
192 -6 0 13 -7 -6 -5 0 -3 
64 -4 4 20 -4 24 4 2 -4 
2304 -56 -32 -96 -96 -96 16 10 0 
768 -30 0 -32 -28 -32 8 6 0 
0 1 0 0 0 0 0 0 0 
0 0 1 0 0 0 0 0 0 
0 0 0 1 0 0 0 0 0 
0 0 0 0 1 0 0 0 0 
0 0 0 0 0 1 0 0 0 
0 0 0 0 0 0 1 0 0 
0 0 0 0 0 0 0 1 0 
0 0 0 0 0 0 0 0 1 

192 -12 12 -40 240 32 -8 6 -56 
480 -7 -5 -12 -30 52 -8 0 -14 
0 0 4 -16 16 80 -12 2 -4 
0 4 6 -12 4 48 -12 0 -4 
1152 -36 -12 -60 -20 -40 4 6 -4 
0 2 8 -16 12 56 -12 0 -4 
0 10 16 -32 12 120 -28 0 -12 
96 9 -1 16 -6 36 -20 0 -6 
96 1 -1 0 -6 4 -4 0 -2 
416 -10 -6 -12 -24 16 4 2 -8 
192 -4 -4 6 -10 -4 -2 2 -2 
192 -4 -4 8 -12 0 -2 2 0 
0 4 -2 -3 1 2 3 2 -1 
960 -12 -12 -44 -52 -16 4 2 -8 
576 -8 -8 -28 -28 -16 4 2 -4 
0 3 5 -9 1 10 -1 2 -1 
0 3 7 -9 1 10 -3 2 -1 
1792 -16 -24 -88 -88 -48 8 6 -16 
864 -15 -11 -39 -41 -26 3 2 -7 
672 -11 -9 -31 -33 -18 3 2 -5 
960 -16 -12 -42 -50 -20 2 2 -8 
3200 -80 -40 -154 -90 -132 18 10 -6 
1920 -48 -24 -94 -46 -76 10 6 -2 
1056 -12 -12 -50 -58 -4 -2 2 -14 
960 -12 -12 -44 -52 -8 4 2 -12 
0 0 6 -20 20 56 -8 2 -6 
192 8 8 -24 -8 16 -8 2 -8 
0 3 1 -2 4 8 -2 0 -4 
0 11 1 -2 20 40 -6 0 -20 
0 0 18 -3 13 10 -13 0 -3 
400 -6 -4 -16 -20 -8 -2 0 -4 
3648 -64 -40 -144 -176 -96 -8 2 -32 
624 -8 -6 -26 -34 -4 -4 0 -8 
576 0 -6 -28 -36 0 -4 2 0 
4608 -60 -52 -200 -240 -96 -8 6 -48 
1152 -18 -14 -48 -60 -24 0 2 -12 
1920 -34 -22 -80 -92 -56 0 2 -16 
1728 -36 -22 -74 -82 -52 8 4 -14 
1344 -28 -20 -40 -80 96 8 6 -32 
576 -12 -8 -12 -36 56 0 2 -16 
528 -13 -7 -16 -30 4 4 2 -8 
192 -12 12 -48 40 80 -16 6 -8 
192 -12 12 -48 200 80 -16 6 -48 
0 0 6 -12 52 40 -8 0 -12 
0 0 2 -3 21 10 -3 0 -5 
256 -8 0 -12 12 -8 -2 0 -4 
192 -6 0 -7 13 -6 -3 0 -5 
512 -16 0 -24 0 -16 -4 0 -2 
512 -14 -6 -4 -32 0 2 2 0 
640 -16 -8 -8 -40 0 2 2 0 
960 -20 -14 -20 -60 0 2 4 0 
960 -20 -12 -4 -60 72 -12 2 -20 
960 -20 -12 -4 -60 104 -12 2 -28 
192 -12 12 20 36 -8 -28 6 0 
0 0 2 -3 5 10 -3 0 -1 
192 28 -4 -44 -4 24 20 10 -12 
64 8 0 -12 -4 8 4 2 -2 
256 14 6 -36 -16 32 4 2 -8 
48 4 6 -10 -2 20 -8 0 -4 
16 2 4 -4 0 8 -4 0 -2 
0 12 36 -28 12 56 -28 2 -12 
0 4 4 -8 0 8 0 2 0 
64 4 8 -12 -4 8 -4 2 0 
448 12 12 -36 -28 8 -12 2 -4 
768 -10 -8 -28 -48 8 -4 0 -4 
1536 -22 -16 -52 -96 56 -12 0 -28 
1792 -16 -16 -88 -88 -48 0 2 -16 
384 6 -10 -20 -24 0 4 6 0 
2304 -12 -28 -104 -144 0 -8 6 0 
3840 -48 -40 -168 -200 -80 -8 2 -40 
0 0 8 -6 10 4 -2 2 -4 
0 4 8 -6 18 4 -2 2 -10 
768 -16 -10 -16 -48 24 -2 2 -12 
2304 -56 -32 -32 -144 96 8 10 -48 
1792 -48 -24 -16 -112 0 8 10 0 
2304 -56 -32 -32 -144 0 8 10 0 
192 -6 0 -7 5 -6 -3 0 -3 
448 -14 0 -19 1 -14 -5 0 -3 
576 -18 0 -24 4 -16 -8 0 -4 
2880 -60 -36 -96 -168 -16 8 6 -16 
192 -6 0 10 -10 -4 -2 0 -2 
256 -8 0 12 -12 -8 -4 0 -2 
512 -16 0 0 -24 -16 -2 0 -4 
192 -6 0 2 -10 -4 0 0 -2 
576 -18 0 4 -24 -16 -4 0 -8 
448 -14 0 1 -19 -14 -3 0 -5 
576 -18 0 -3 -23 -22 -3 0 -5 
192 -6 0 5 -7 -6 -3 0 -3 
192 -6 0 13 -7 -6 -5 0 -3 
64 -4 4 20 -4 24 4 2 -4 
2304 -56 -32 -96 -96 -96 16 10 0 
768 -30 0 -32 -28 -32 8 6 0 
0 1 0 0 0 0 0 0 0 
0 0 1 0 0 0 0 0 0 
0 0 0 1 0 0 0 0 0 
0 0 0 0 1 0 0 0 0 
0 0 0 0 0 1 0 0 0 
0 0 0 0 0 0 1 0 0 
0 0 0 0 0 0 0 1 0 
0 0 0 0 0 0 0 0 1 
